  150    3352
    1       2    8802 48
    1       6    5671 71
    1       8    9559 52
    1      10    6402 59
    1      14    3630 49
    1      15    2544 37
    1      23    6117 40
    1      25    1361 41
    1      28     861 91
    1      29     952 46
    1      30    2667 42
    1      33     447 88
    1      35    9641 44
    1      40     735 84
    1      41    2683 44
    1      46    2620 15
    1      49    6675 39
    1      50    2375 97
    1      55    8096 36
    1      57    2725 84
    1      58    4166 93
    1      62    5280 45
    1      65    1914 26
    1      68    7317 59
    1      69    9629 10
    1      72    9500 7
    1      79     306 88
    1      81    1561 96
    1      82     994 6
    1      84    9622 94
    1      85    7560 15
    1      86    1077 30
    1      89    9130 84
    1      94    8757 35
    1      96     588 67
    1      97    4051 48
    1      99    1589 72
    1     100    1849 9
    1     101    1935 2
    1     105    8627 49
    1     108    3479 31
    1     109    5402 90
    1     111     149 76
    1     113    2763 98
    1     117    3471 39
    1     120    5438 51
    1     131    1570 28
    1     133     975 98
    1     134    4751 86
    1     136    9122 11
    1     138    4280 40
    1     140    6731 2
    1     143    7343 58
    1     144     243 24
    1     147    7649 77
    2       3    7736 59
    2       8    1099 65
    2       9    3005 37
    2      11    4124 82
    2      15    4289 16
    2      20     342 97
    2      24     761 99
    2      25    3390 60
    2      33    7836 23
    2      34    3957 97
    2      38    2021 55
    2      43     307 77
    2      44    7359 63
    2      47    3747 4
    2      48    2003 13
    2      53    4807 38
    2      56    1138 96
    2      57    8874 38
    2      60    5486 86
    2      66    1660 37
    2      74    3762 41
    2      75    4749 73
    2      79    4972 97
    2      88    3617 28
    2      92    6246 72
    2      97     910 90
    2     102    8876 34
    2     107    4347 28
    2     111    2926 65
    2     114    5249 96
    2     116     326 20
    2     119    5435 66
    2     124    2107 85
    2     125    1920 90
    2     133     587 32
    2     137    9345 40
    2     143    6000 96
    2     145    7564 10
    2     147    9356 82
    2     150     699 5
    3       4    7555 68
    3      12    6226 88
    3      20    7070 23
    3      27    1538 38
    3      30    8330 52
    3      31     976 24
    3      35    1378 63
    3      36    7841 93
    3      38    1792 53
    3      39    3892 50
    3      40    2470 44
    3      46    4140 18
    3      49    8949 68
    3      51    1631 33
    3      53    4999 30
    3      54    1959 88
    3      55    6188 4
    3      63    8604 3
    3      65    3063 78
    3      66    2579 92
    3      67    8857 17
    3      69    7892 70
    3      75    8871 96
    3      78    6057 90
    3      82    8578 73
    3      83     811 31
    3      93    8854 32
    3      95    8792 46
    3     101    3468 87
    3     102    2700 37
    3     105    2612 42
    3     106    7669 68
    3     107    1550 16
    3     114    3226 20
    3     118    6420 39
    3     121     464 61
    3     127     692 42
    3     128    4818 96
    3     129    4756 64
    3     130    4134 28
    3     132    3692 9
    3     133    9156 9
    3     134    5954 14
    3     135    8298 85
    3     137    1712 5
    3     141    4919 16
    3     142    9457 60
    3     143    3139 65
    3     145     497 72
    3     150    8665 15
    4       6    2776 82
    4      13    7102 7
    4      14    3961 18
    4      15    5910 31
    4      18    5407 89
    4      21     573 33
    4      22    1078 60
    4      29     558 86
    4      30    9038 10
    4      32    7687 54
    4      33     153 85
    4      34    2173 28
    4      35    9402 28
    4      42    8012 32
    4      44    2158 10
    4      45    1135 83
    4      47    9922 88
    4      48    3974 27
    4      49    3545 100
    4      54    2526 60
    4      58     477 90
    4      66    5913 86
    4      68    2413 36
    4      71    5582 72
    4      78    6961 94
    4      80    5150 76
    4      83    7976 11
    4      85    4267 29
    4      88    5268 55
    4      89    6194 31
    4      91     787 58
    4      95    4540 31
    4      96    8936 66
    4      97    1504 3
    4     107    6149 1
    4     108    4067 27
    4     110    5887 95
    4     112       4 38
    4     115    2949 82
    4     116    1180 2
    4     120    6857 7
    4     124    2398 61
    4     136    7868 29
    4     138    6787 27
    4     140     227 16
    4     147    9672 10
    4     148    2674 52
    4     149    3343 100
    4     150    2670 94
    5      10    5366 89
    5      11       3 91
    5      23    2074 4
    5      25    1087 51
    5      33    3066 6
    5      34    2889 38
    5      39    9997 64
    5      41    2443 78
    5      42    5077 62
    5      44    9913 82
    5      45      53 9
    5      47    2497 72
    5      49    6568 9
    5      56    2207 80
    5      58     822 4
    5      65    6125 92
    5      70    3227 24
    5      74    2057 68
    5      75    1011 61
    5      76     982 50
    5      79    5183 6
    5      81    8811 81
    5      88    4889 80
    5      89    9258 1
    5      92    4441 57
    5      93     838 18
    5      96    2962 8
    5     102    8351 49
    5     112    7500 97
    5     117    6160 75
    5     123    5125 85
    5     124    3793 55
    5     125    3183 3
    5     127    2917 24
    5     130    3370 80
    5     145    4460 85
    5     147    7535 20
    5     148    5216 16
    5     149    9814 81
    5     150     125 81
    6       9    2274 6
    6      15    2041 6
    6      17    1774 94
    6      22    5037 91
    6      23    2522 6
    6      24    8733 49
    6      26    2551 94
    6      33    9994 85
    6      37     286 98
    6      38    5957 3
    6      39    4553 44
    6      42    4719 99
    6      43     500 32
    6      47    5523 30
    6      52    8523 57
    6      53    1198 73
    6      55    7871 24
    6      56    5051 50
    6      60    8738 14
    6      61     404 90
    6      62    7259 88
    6      63    8936 37
    6      66    7825 72
    6      68    8579 46
    6      69    1384 65
    6      75    7306 20
    6      77    2995 69
    6      78    9247 25
    6      82    2800 34
    6      87    9611 10
    6      91    8876 34
    6      94    1189 10
    6      97     450 63
    6     103    7804 95
    6     109    5827 16
    6     112    3344 62
    6     122    2673 73
    6     129    1289 20
    6     132    1415 61
    6     135    9273 100
    6     136    4204 2
    6     145    2271 59
    6     147    5466 62
    7       8    3296 42
    7      10    2005 96
    7      12    2279 92
    7      13    5320 88
    7      15     805 76
    7      16    9905 88
    7      24    1275 31
    7      28     848 64
    7      35    6751 66
    7      36    7721 8
    7      37    1308 75
    7      38      14 23
    7      42    8244 27
    7      45    2717 75
    7      46    3031 98
    7      47    8012 35
    7      49    2114 77
    7      53    5495 63
    7      54    7975 80
    7      56    2055 58
    7      62    1413 9
    7      63    4951 87
    7      68     349 29
    7      72     665 96
    7      73    8396 69
    7      75    2666 96
    7      80    2466 52
    7      84    9814 68
    7      87     258 43
    7      88    9198 38
    7      90    5246 46
    7      91    4969 1
    7      97    3613 89
    7      98    6976 77
    7     100     836 100
    7     101    7179 67
    7     114    4277 74
    7     116    5278 65
    7     117    4985 22
    7     120    4687 79
    7     123    7553 67
    7     125    1303 35
    7     134    7580 31
    7     140     723 94
    7     141    4859 65
    7     148    2346 85
    8      10    3174 42
    8      12    6971 32
    8      14    6264 65
    8      19    6144 75
    8      21    7046 11
    8      26    1698 33
    8      27    3921 73
    8      32    4732 16
    8      34    1333 58
    8      35    3127 88
    8      38    9579 45
    8      40     253 16
    8      43    5164 23
    8      44    4817 17
    8      45    6920 77
    8      48    9094 48
    8      50    5028 56
    8      52    2370 55
    8      53    5350 48
    8      58    6687 10
    8      61    5873 91
    8      65    4156 36
    8      73    1667 85
    8      76    2995 83
    8      77    6189 95
    8      78    9605 15
    8      80    4863 18
    8      81    2568 76
    8      88    5747 98
    8      89    4882 49
    8     103    7025 12
    8     107    7892 78
    8     112    2237 1
    8     115    5809 36
    8     121    8224 23
    8     125    1140 69
    8     129    4211 94
    8     132    4950 82
    8     134    6256 44
    8     138    9192 38
    8     145    2523 39
    9      10    4584 55
    9      13      64 70
    9      14    6645 79
    9      22     312 19
    9      26    9221 80
    9      29    5041 2
    9      35    2867 22
    9      47     673 17
    9      50    9155 4
    9      57    9173 30
    9      59    3838 94
    9      65    4572 61
    9      66    7442 57
    9      68    6886 77
    9      71    8239 86
    9      73     499 6
    9      76    2747 2
    9      79    6212 16
    9      81    2014 84
    9      83    2751 18
    9      84    9709 29
    9      88    8623 3
    9      91    7538 70
    9      96    9117 80
    9      98    7446 15
    9      99    2372 12
    9     101     630 41
    9     107    2014 27
    9     109    5367 34
    9     110    9664 78
    9     113     566 13
    9     114    9037 74
    9     117     314 100
    9     118    2431 23
    9     127     532 86
    9     128     131 92
    9     136    4209 38
    9     143    2679 38
    9     144    9518 75
    9     147    7425 42
    9     150    7275 28
   10      11     203 16
   10      14     758 72
   10      16    4674 16
   10      25    7207 98
   10      27    2098 66
   10      28    4336 13
   10      29    1748 38
   10      31    2816 9
   10      44    2028 76
   10      45    8949 63
   10      47     602 88
   10      48    5177 47
   10      50     678 62
   10      56    6767 45
   10      61    6299 29
   10      62    5451 59
   10      69     701 7
   10      70    2619 66
   10      78    6533 51
   10      88    9306 50
   10      90    4020 54
   10      98    7595 52
   10     102    6022 56
   10     115     733 77
   10     119    4946 62
   10     120    1736 66
   10     122    1535 66
   10     124    2175 83
   10     128    2446 55
   10     129    8420 7
   10     131    1713 16
   10     137    5790 34
   10     138    1147 43
   10     141    2749 92
   10     144    5389 37
   10     146    9697 96
   10     149    1005 61
   11      14    3230 11
   11      16    7556 61
   11      24    2598 41
   11      25    8468 51
   11      27     625 27
   11      30    8946 86
   11      34    1657 23
   11      36    4077 19
   11      40    4637 81
   11      51    8270 61
   11      53    5640 74
   11      56    1748 2
   11      57    8398 77
   11      63    3222 41
   11      65    2470 42
   11      68     436 68
   11      70    6718 57
   11      74    4011 96
   11      76    2351 57
   11      78    5810 84
   11      79    7305 42
   11      82    8946 17
   11      83    8334 97
   11      85    2468 95
   11      91    9919 67
   11      92    8583 100
   11     100    4075 13
   11     104    3110 29
   11     105    6789 3
   11     109    7937 20
   11     110    5459 11
   11     114     652 86
   11     118    1106 80
   11     121    7931 37
   11     123    3589 72
   11     125    9390 35
   11     131    9376 47
   11     134    8419 92
   11     139    8463 92
   11     140    4858 50
   11     145    1108 48
   11     150    7755 10
   12      17    8565 96
   12      19    3793 43
   12      20    4780 54
   12      22    8744 69
   12      25    5906 78
   12      26     994 59
   12      29    1729 18
   12      31    3674 2
   12      34    2179 29
   12      35    8553 87
   12      36    5675 54
   12      41    9119 49
   12      62    8582 44
   12      68    4639 43
   12      75    7397 65
   12      78     388 17
   12      80    8933 7
   12      82    5325 95
   12      86    4459 2
   12      90    5460 44
   12      91    7727 93
   12      92    9138 47
   12      94    8379 45
   12      98    8482 33
   12     101    8207 68
   12     103    1507 73
   12     104    3659 45
   12     108    9444 58
   12     110    3696 88
   12     112    8848 90
   12     113    6765 82
   12     115    8892 70
   12     116     767 66
   12     126    8670 68
   12     127    3591 76
   12     130    8331 75
   12     131    8559 76
   12     133    1793 2
   12     139    1577 51
   12     143    4421 55
   12     146    9496 48
   13      15    2409 82
   13      17    5987 18
   13      23     773 47
   13      24    5866 79
   13      27    8733 80
   13      28    2973 6
   13      29    2699 22
   13      41    2119 79
   13      42    9799 94
   13      48    8412 45
   13      54    5696 90
   13      56    9604 25
   13      57    6100 65
   13      60    5706 60
   13      62    4629 90
   13      63    3045 13
   13      65      99 35
   13      71    5528 68
   13      72    7341 11
   13      73      71 55
   13      75    2252 47
   13      78    1122 68
   13      79    4339 11
   13      85    3524 80
   13      86    7977 91
   13      89    1351 88
   13      93    1696 77
   13      95    9569 88
   13      96    2129 55
   13     100    2251 56
   13     101    6591 5
   13     104    2321 63
   13     105    8158 88
   13     112    1151 39
   13     116    4178 68
   13     117    6477 85
   13     120    1787 70
   13     123    4586 16
   13     126    2416 27
   13     130      29 30
   13     138    9404 15
   13     139    7799 100
   13     140    4008 21
   13     146    9701 63
   13     147     389 79
   13     149    7404 28
   14      19    6101 50
   14      21    7997 46
   14      27    1408 72
   14      28    5690 80
   14      29    8138 9
   14      30    7825 1
   14      34    6405 77
   14      35    3623 62
   14      40    8657 38
   14      41    3683 32
   14      43    9303 79
   14      48    4979 14
   14      58    2845 44
   14      68    7373 16
   14      71    2143 87
   14      77    5872 33
   14      81    2602 81
   14      92     202 85
   14      93    7913 63
   14      95     777 46
   14      99    1930 31
   14     100    9200 20
   14     105    8728 98
   14     106    7932 49
   14     107    8389 54
   14     109     299 35
   14     110    9056 66
   14     114     530 67
   14     120    7002 44
   14     122    6597 85
   14     123    3845 23
   14     125    2656 76
   14     127    3623 8
   14     130    5690 41
   14     137    6437 78
   14     141     524 98
   14     145    3077 86
   14     147    1300 32
   14     148    5944 34
   14     149    6332 90
   14     150    7180 49
   15      17    8335 29
   15      19     529 58
   15      25    4954 27
   15      26    9815 82
   15      30    9234 88
   15      31    8157 7
   15      37    3710 24
   15      43    7554 69
   15      50    4638 36
   15      52    9256 68
   15      57    2086 91
   15      59     569 70
   15      63    8966 70
   15      64    7363 92
   15      73     978 25
   15      75    2954 29
   15      79    7718 55
   15      81    9840 30
   15      82    6095 74
   15      83    8577 84
   15      85    2882 76
   15      88     109 45
   15      90    3019 61
   15     100    8376 85
   15     102    9430 96
   15     103    4423 3
   15     106    2983 55
   15     108    1640 2
   15     111    9957 81
   15     118    3288 73
   15     123    1346 42
   15     129    2103 34
   15     131     468 75
   16      25    8842 19
   16      27     192 90
   16      31    6075 51
   16      33    1896 46
   16      36    9658 65
   16      39    4053 13
   16      43    6722 87
   16      45    4891 27
   16      46    8855 51
   16      49      19 44
   16      61    4293 81
   16      62    1502 69
   16      66     196 45
   16      68    2369 7
   16      72    6159 36
   16      74    6449 7
   16      75    4207 30
   16      76    6360 23
   16      81     686 8
   16      82    8732 80
   16      84    4463 10
   16      86    4067 83
   16      94    9253 37
   16      96    1915 57
   16      99    8633 4
   16     102    1949 93
   16     104    4114 28
   16     107    3499 49
   16     111     789 70
   16     122    2883 50
   16     124     946 26
   16     126    1759 81
   16     131      69 48
   16     139    3001 50
   16     140    2861 17
   16     142    7810 22
   16     145    3039 61
   16     146     462 50
   16     149    4350 26
   17      20      71 2
   17      24    9664 42
   17      30    2664 45
   17      35    1536 65
   17      42    9490 29
   17      45    9972 40
   17      46    5184 78
   17      48    9195 67
   17      51    2424 67
   17      63    8473 92
   17      66    8689 84
   17      67    3658 55
   17      70    2751 46
   17      72    6791 85
   17      73    4248 79
   17      74    7244 88
   17      78    7467 69
   17      80    8044 86
   17      89    8566 24
   17      93    9613 51
   17      96    5294 31
   17      97    8533 27
   17      99    1992 44
   17     103    8313 100
   17     111    5290 47
   17     113    3995 18
   17     115    3515 65
   17     116    4496 31
   17     123    3301 98
   17     126    4014 72
   17     145    9886 29
   17     147    6898 56
   17     148    6305 43
   18      19    1151 43
   18      20    2773 12
   18      28    1424 85
   18      29    1740 94
   18      33    8883 92
   18      36    4056 30
   18      38    9945 42
   18      39    7151 50
   18      44    1559 61
   18      46    7018 46
   18      47    5086 10
   18      49    7411 73
   18      56    7584 10
   18      57     644 6
   18      61    4393 78
   18      66    7200 78
   18      67    9488 80
   18      69    6470 25
   18      76    6015 88
   18      78    8227 67
   18      80    5224 81
   18      87    1120 14
   18      90    3322 29
   18      91    4185 13
   18      93    6434 38
   18      94    4902 74
   18      95    2987 57
   18      98    8571 13
   18     116    5720 9
   18     118    3733 33
   18     120    5532 74
   18     124    2403 71
   18     126    8537 7
   18     127    1931 39
   18     128    6635 96
   18     130    4350 20
   18     142     982 90
   18     145    1189 21
   19      20    7586 90
   19      23    4408 42
   19      24    4855 10
   19      26     746 33
   19      35    9424 6
   19      36    4759 93
   19      37    3877 89
   19      38    7011 58
   19      45     193 31
   19      55    6228 92
   19      57    2263 52
   19      60    8357 25
   19      61    4434 69
   19      62    9750 5
   19      64    8920 22
   19      69    6228 49
   19      73    5844 28
   19      74    5408 14
   19      76    4749 7
   19      78    8114 23
   19      79    2157 66
   19      81    1971 86
   19      82    9415 11
   19      85    1542 79
   19      90    1826 27
   19      94    2927 61
   19      99    5633 22
   19     102    8648 16
   19     106    1622 10
   19     107    1685 55
   19     111    9908 24
   19     113     941 91
   19     114     499 72
   19     120    6719 91
   19     124    6946 26
   19     128    8484 93
   19     130    7900 39
   19     134    2455 15
   19     138      76 47
   19     142    6001 69
   19     144    5234 94
   19     145    3230 19
   20      29    1505 73
   20      34     665 45
   20      36    6517 5
   20      37    7834 52
   20      38    8189 69
   20      45    6217 30
   20      48     366 34
   20      49    3943 88
   20      63     478 60
   20      65    1373 65
   20      66    7112 9
   20      70     979 47
   20      71     642 94
   20      79    7358 36
   20      81    1338 100
   20      83    7407 45
   20      84    8272 7
   20      90    3434 24
   20      91    8940 8
   20      94    4695 28
   20      95    9611 59
   20      96    2965 37
   20      97    3833 29
   20      99     327 95
   20     111    4272 50
   20     114    2709 80
   20     117    8267 7
   20     119    2482 45
   20     125      42 13
   20     126    1789 84
   20     127    8188 15
   20     128    3616 31
   20     130    6815 57
   20     132    1898 40
   20     138    8847 47
   20     139    8566 58
   20     141     909 11
   20     144    1015 55
   20     147    9889 32
   21      24    7613 86
   21      26    6778 70
   21      28      91 11
   21      29    8788 74
   21      40    4776 6
   21      42    8164 3
   21      44    4884 28
   21      45     197 70
   21      48    5781 16
   21      50    5444 11
   21      59    5862 59
   21      60    8517 26
   21      67    4102 72
   21      71    3830 12
   21      73    6024 84
   21      75    8017 57
   21      88     387 8
   21      90     305 39
   21      92    7906 100
   21      94    3554 12
   21     100    7747 47
   21     103    9030 7
   21     105    1428 65
   21     107    4172 59
   21     117    7599 13
   21     119    2070 17
   21     122    7309 77
   21     125    9373 53
   21     126    6661 19
   21     129    1714 89
   21     131    5760 96
   21     133    9486 12
   21     135     282 25
   21     139    8163 4
   21     142    3590 4
   21     145    2615 84
   21     147    4934 77
   22      28    1881 100
   22      31    1171 47
   22      33    1407 63
   22      37     501 23
   22      38    2496 76
   22      40    8968 3
   22      43    5818 29
   22      45    2670 90
   22      49    4373 65
   22      52    9277 100
   22      54     914 52
   22      57     896 27
   22      58     845 4
   22      59    9456 14
   22      61    6502 24
   22      63    3184 53
   22      67    4275 28
   22      71    4568 42
   22      75     900 85
   22      77     632 59
   22      79     992 45
   22      80    5531 35
   22      84    1034 23
   22      88    6431 63
   22      99    5533 22
   22     104    8366 4
   22     113    5006 50
   22     121     485 89
   22     127     863 39
   22     128     877 98
   22     129    4444 61
   22     132    7917 51
   22     133     668 12
   22     134    3281 73
   22     136    8316 94
   22     139    3793 76
   22     149    2747 16
   23      27     287 76
   23      29    5584 28
   23      34    1468 70
   23      35    4233 100
   23      42    9903 60
   23      44    9933 86
   23      54    9262 2
   23      56    6864 98
   23      58     363 57
   23      60    7518 61
   23      65    7747 26
   23      67     755 41
   23      69    4850 58
   23      71    4137 32
   23      72    3671 58
   23      78    5841 5
   23      80     849 57
   23      81    4253 42
   23      84    3928 29
   23      86    1459 82
   23      95    7490 48
   23      96    8439 42
   23      99    5673 26
   23     102    9702 79
   23     109    6907 27
   23     110    5188 18
   23     114    4972 37
   23     118    8609 95
   23     122    3145 16
   23     125    1812 29
   23     149    1460 80
   24      27    5250 96
   24      28    6879 65
   24      31    1601 93
   24      32    7938 79
   24      33    9090 81
   24      41     399 97
   24      42    3128 74
   24      43    2183 1
   24      47    8092 12
   24      52      40 56
   24      53    1621 22
   24      60    7424 99
   24      64    9047 75
   24      77    5626 100
   24      84    1137 38
   24      86    2500 34
   24      89    4719 1
   24      91     679 51
   24      92     468 59
   24      97    1537 100
   24      99    8191 20
   24     104    2580 10
   24     106    3981 88
   24     107    5613 21
   24     111    4496 27
   24     113    3678 12
   24     114    3216 34
   24     115    5415 97
   24     117    1918 36
   24     120     821 6
   24     123    8472 91
   24     124    7928 60
   24     136    1952 58
   24     141    4763 62
   24     145    2970 42
   25      28    2872 31
   25      33    5019 4
   25      39    9888 8
   25      40    4981 7
   25      61    3410 12
   25      63    9588 92
   25      64    1721 76
   25      65     649 82
   25      66    7469 26
   25      68    9067 50
   25      69    4974 17
   25      70    7649 52
   25      81    6624 31
   25      82    2800 32
   25      83    2767 60
   25      87    4370 74
   25      88    6935 33
   25      93    4574 98
   25      94    8601 67
   25      97    3566 50
   25      99    5905 19
   25     100    5347 37
   25     105    9240 22
   25     107    8452 81
   25     111    8782 29
   25     114    1521 96
   25     116    1775 95
   25     119    2942 45
   25     121    6144 38
   25     122    3665 28
   25     129    7459 85
   25     136      88 41
   25     141      22 23
   25     143    3488 58
   25     144    4551 50
   25     145    5862 27
   25     148    1346 88
   26      31    1378 83
   26      32    1453 81
   26      34    8264 53
   26      39    6351 60
   26      47    6915 58
   26      48    5198 70
   26      51      81 38
   26      52    1698 72
   26      59    9351 33
   26      60    8756 96
   26      62    9304 25
   26      64    4708 23
   26      68    9051 75
   26      69     791 47
   26      71    8487 76
   26      74     508 88
   26      75    3962 49
   26      81    4139 82
   26      82    4919 34
   26      90    8223 60
   26      91    4859 56
   26      97    9780 10
   26     105    5300 8
   26     108    3152 18
   26     109    1723 60
   26     113    1424 83
   26     115    6844 7
   26     116    2855 78
   26     124      79 79
   26     125    4997 17
   26     127    5443 95
   26     131    3897 34
   26     132    4116 42
   26     137    4597 2
   26     139     640 94
   26     143    1629 46
   26     144      43 80
   26     145     217 63
   26     146    1073 36
   27      28    5246 11
   27      34    6721 14
   27      44    5287 47
   27      46    9499 50
   27      51     641 57
   27      58      81 13
   27      67    3240 77
   27      71    9407 44
   27      74    7379 75
   27      79    9016 14
   27      82    1820 1
   27      84    1324 37
   27      89    7261 80
   27      92    2133 6
   27      93    6837 62
   27     105    1307 99
   27     106    6843 4
   27     113    2716 89
   27     115    3812 34
   27     120    1630 80
   27     123    3070 14
   27     124    9933 62
   27     125    8389 55
   27     128    6541 97
   27     132    3854 15
   27     135    8330 7
   27     137    3475 6
   27     138    5139 83
   27     145    6266 6
   27     146    8486 39
   27     150     309 30
   28      29    4215 1
   28      30    9009 60
   28      37    1222 93
   28      40    9116 2
   28      41    7464 29
   28      43     624 94
   28      46    2231 50
   28      48    6301 8
   28      49    1020 55
   28      50    4783 9
   28      52     243 85
   28      53    4621 80
   28      60    1466 50
   28      63    4003 38
   28      65     262 44
   28      69    1366 54
   28      72    4946 11
   28      75    3661 64
   28      81     861 68
   28      83    1468 25
   28      86     498 27
   28      88    4424 51
   28      90    8454 81
   28      93    5723 99
   28      95    2600 28
   28      96    1331 79
   28      98    4429 42
   28     100    7824 46
   28     101    7171 11
   28     112    7431 31
   28     119    9033 93
   28     120    3106 21
   28     123    1087 83
   28     125    5771 63
   28     129    8204 11
   28     130    2675 77
   28     132    8913 55
   28     133    5150 75
   28     135    5114 8
   28     137    3055 12
   29      30    5123 15
   29      38    9507 50
   29      39     863 84
   29      43    3190 88
   29      51    8864 55
   29      52    7150 41
   29      53    4321 59
   29      57    6862 83
   29      63    5647 83
   29      66    8004 29
   29      72    2250 24
   29      76    8669 76
   29      77    5588 53
   29      84    9433 43
   29      92    1555 49
   29      95    2003 1
   29      96    8337 89
   29      98    9334 72
   29     104    8929 28
   29     109    9522 17
   29     115    7105 66
   29     117    8151 39
   29     118    4846 69
   29     121    2667 31
   29     128    6409 67
   29     131    3565 32
   29     134    1990 73
   29     135    1861 87
   29     137    6604 66
   29     145    9275 61
   30      31    1986 63
   30      32     504 12
   30      34    4681 12
   30      36    2793 38
   30      37    6751 72
   30      43    1027 60
   30      44    6834 48
   30      47    1710 5
   30      48    5087 29
   30      58    3901 52
   30      59      76 55
   30      62    8156 64
   30      63     683 66
   30      66    6008 36
   30      70    2502 27
   30      72    6627 31
   30      73    5361 90
   30      75    3764 65
   30      78    8053 55
   30      84    1435 78
   30      85    8785 78
   30      89    5802 11
   30      90    6742 59
   30      91    3890 82
   30      95    6637 56
   30     115    6059 17
   30     116    3173 87
   30     117    3350 27
   30     122     976 61
   30     125    2696 28
   30     129    8350 74
   30     134    3921 81
   30     137    1190 24
   30     146    4445 23
   31      35    5263 73
   31      36    1477 67
   31      37    6106 42
   31      40    7922 18
   31      42    3619 26
   31      45    8439 19
   31      46     238 2
   31      47    6197 89
   31      48    2637 61
   31      50    5928 98
   31      52    7727 90
   31      55    5099 84
   31      63    6758 48
   31      67    8276 22
   31      68    2202 97
   31      69     236 50
   31      70     461 71
   31      73     888 8
   31      74    7520 25
   31      77    1041 84
   31      78     665 70
   31      89    9580 100
   31      90    8262 48
   31      93     379 56
   31      94    2168 16
   31      95    2997 95
   31     102     908 75
   31     108    9452 80
   31     115    3968 10
   31     119    4559 76
   31     120    1058 28
   31     125    9232 96
   31     126    8233 55
   31     129    8912 87
   31     130    5862 48
   31     133    1591 97
   31     137    4869 57
   31     140      79 77
   31     143    7130 47
   31     145    3518 12
   31     148    8022 10
   32      33    8223 32
   32      36      18 86
   32      37     712 47
   32      41    9646 24
   32      42    9983 18
   32      43    2166 39
   32      45    8712 41
   32      54    9793 56
   32      56    9594 25
   32      59     807 42
   32      66    8304 86
   32      67    8398 51
   32      68    2209 98
   32      72      40 5
   32      73    2539 19
   32      80    7466 29
   32      83    6616 48
   32      88    1516 38
   32      94     892 50
   32      96    4536 43
   32      99    8048 22
   32     104    2471 55
   32     107    2286 21
   32     109    8486 97
   32     112    7817 25
   32     114    9864 44
   32     117    2896 57
   32     120    2735 25
   32     121    8396 42
   32     122    2452 18
   32     124    4961 76
   32     128    7375 44
   32     130    5144 48
   32     132    4657 42
   32     135    9237 25
   32     141    6054 81
   32     144    8071 68
   33      36    7467 50
   33      40    1357 9
   33      44     567 33
   33      49     123 33
   33      51    1655 39
   33      52    5027 82
   33      54    6965 43
   33      55    2382 70
   33      60     945 26
   33      61    1529 8
   33      62    8519 25
   33      64    6598 47
   33      67    4832 26
   33      69    3260 74
   33      74    7924 20
   33      93    1912 68
   33      94    6521 14
   33      96    4649 82
   33      98    8823 100
   33      99    1540 84
   33     101     950 92
   33     102    2383 82
   33     104    9436 1
   33     105    5928 72
   33     107    6719 12
   33     108    5318 65
   33     111    3770 16
   33     113    4804 67
   33     124    3458 77
   33     127    2330 54
   33     132    9886 86
   33     147    5177 40
   33     148    9818 30
   34      35    6430 73
   34      39     612 56
   34      41     905 1
   34      43    9174 50
   34      46    2747 81
   34      51     368 41
   34      56    6541 20
   34      63    6483 90
   34      65    6064 91
   34      66     731 88
   34      70    4063 39
   34      72    7687 99
   34      73     986 91
   34      75    7153 60
   34      92     930 84
   34      93    4995 66
   34      96    6068 90
   34      99    4356 64
   34     100    5054 17
   34     101    9532 3
   34     102    4179 24
   34     104    2592 40
   34     106    9513 80
   34     107    1809 69
   34     109    7404 79
   34     111    9285 23
   34     114    2217 53
   34     115    2645 37
   34     116    5669 95
   34     119    4058 48
   34     122    5786 96
   34     127    4365 47
   34     131    1357 29
   34     133    1286 5
   34     135    4461 15
   34     138    4620 85
   34     142     901 29
   34     146    4778 41
   34     150     112 28
   35      38    9689 67
   35      41    7298 33
   35      42     318 96
   35      47    2699 71
   35      49    9252 9
   35      50    6094 29
   35      51    6214 19
   35      56     774 4
   35      57     556 19
   35      67     623 59
   35      69    1670 71
   35      70     394 77
   35      73    7545 49
   35      75    1811 95
   35      87    5448 40
   35      89    2603 3
   35      90    7583 9
   35      92    7399 40
   35      94    8107 14
   35      95    3965 53
   35      96     265 14
   35      99    2462 93
   35     105    2055 88
   35     106    4601 9
   35     108    6586 71
   35     110    1408 85
   35     113    2158 82
   35     114    2370 52
   35     116    3045 23
   35     118    9156 8
   35     119     453 31
   35     122    4848 7
   35     124    7975 26
   35     127    4126 32
   35     129      11 42
   35     134    9402 69
   35     140      81 90
   35     144    4048 36
   35     146    8716 99
   35     148    8890 76
   35     149    6739 67
   36      38    1128 90
   36      45    5422 22
   36      46    7638 97
   36      51     320 95
   36      57    2965 37
   36      62    4186 80
   36      64    3030 33
   36      77    5651 43
   36      93    9040 35
   36      97    5628 81
   36      99    1140 100
   36     100    3493 41
   36     105    7962 40
   36     107    4982 7
   36     110    9238 32
   36     112    1030 42
   36     114    4410 94
   36     117    9948 22
   36     120    4318 57
   36     121    2358 55
   36     124    9942 38
   36     126    6575 71
   36     127    6427 79
   36     129    4856 67
   36     133    4328 59
   36     134    7744 83
   36     141    6338 38
   36     143    6613 98
   36     144    1235 10
   36     146    4251 96
   36     148    8073 72
   37      40    3205 30
   37      41    1730 62
   37      43    8913 4
   37      44    1615 47
   37      46    6620 82
   37      49    1716 82
   37      50    3640 6
   37      52    2580 21
   37      53    1753 45
   37      54     819 92
   37      55     169 68
   37      61    3183 52
   37      66    4482 42
   37      68    4288 24
   37      69    8413 1
   37      72      64 71
   37      77    1216 70
   37      80    2394 99
   37      81    1870 64
   37      83    3401 14
   37      84    4343 25
   37      86    8662 64
   37      90    3416 46
   37      92    7214 94
   37      95    4976 39
   37      99     944 66
   37     106    3897 67
   37     107    3621 95
   37     108    8889 47
   37     114    2047 79
   37     118    8060 62
   37     123     584 23
   37     125    6152 19
   37     128    2204 44
   37     131    5630 89
   37     132    2328 59
   37     134    7335 79
   37     136    6051 35
   37     138    8237 59
   37     145    1646 2
   37     146    9151 67
   37     147    7369 67
   37     150     142 21
   38      41    4271 67
   38      42    5079 37
   38      45    5594 83
   38      47    9778 95
   38      49    7243 16
   38      50    7044 18
   38      64    3777 94
   38      65    2612 27
   38      67    1483 9
   38      68    6765 35
   38      69    8268 27
   38      85    8619 38
   38      93      98 4
   38      98    7447 76
   38     103    4000 98
   38     104     933 58
   38     106    2796 45
   38     107     874 95
   38     109    8314 80
   38     114    9561 16
   38     124    7595 95
   38     125    2304 52
   38     126    4734 7
   38     131     486 49
   38     135    5456 54
   38     137    9760 59
   38     144     532 6
   38     145    1178 70
   38     146    6326 93
   38     147    7142 10
   38     148     568 60
   39      42    9930 47
   39      43     326 72
   39      45    9092 77
   39      47    3510 31
   39      48    7689 72
   39      58    6619 79
   39      61    5402 14
   39      63    7361 7
   39      64     569 6
   39      65    5605 24
   39      70    5094 84
   39      72    2817 8
   39      74    6021 19
   39      76    1450 85
   39      79    7122 86
   39      80    4005 80
   39      81    1565 92
   39      87    7461 21
   39      88    1995 64
   39      89    5838 71
   39      94     741 61
   39      95     156 22
   39      96    2987 70
   39      98    4414 18
   39      99    6895 90
   39     101    9782 13
   39     104    7266 4
   39     111    9689 84
   39     113    3901 88
   39     116    9537 6
   39     117    1155 89
   39     119    3058 56
   39     121     217 6
   39     122    9688 45
   39     123    2769 76
   39     133    4272 47
   39     140    3526 57
   39     141    1633 40
   39     147    1548 80
   39     149    5518 4
   40      47    3991 95
   40      53    9960 82
   40      59     992 39
   40      60    6317 37
   40      67    2925 17
   40      76    1754 9
   40      80    5831 59
   40      82    1052 37
   40      86    8262 71
   40      88    6219 73
   40      89    8798 97
   40      92    6065 8
   40      93     834 46
   40      95    2155 13
   40     100     447 61
   40     105    6448 41
   40     107     978 80
   40     108     963 78
   40     109    4672 8
   40     111    9535 74
   40     114    5435 73
   40     116    6306 96
   40     119    5929 31
   40     125    1834 96
   40     129    8136 69
   40     130    5527 42
   40     131    9967 99
   40     138    2462 62
   40     140    5479 92
   40     143     185 67
   40     145    1236 12
   40     147    8509 7
   41      42    8997 1
   41      43    1961 43
   41      45    9603 97
   41      46    6443 29
   41      50    3268 33
   41      53     578 85
   41      58    1557 88
   41      61    8519 10
   41      63    1445 45
   41      64    4741 76
   41      65    2059 64
   41      69    2691 6
   41      71    8911 16
   41      86    7412 8
   41      87     587 87
   41      89    7580 24
   41      93    9126 62
   41      97    5688 62
   41      99    9479 93
   41     102    7283 94
   41     105     420 60
   41     107    5282 48
   41     112    9487 28
   41     118    3653 27
   41     121    5389 4
   41     123    3566 89
   41     125    5537 17
   41     126    6990 23
   41     127     526 78
   41     131     493 92
   41     134    9119 41
   41     136    3013 70
   41     138     538 90
   41     143    1207 37
   41     144    4151 12
   41     146    1744 64
   41     150    8839 72
   42      44    4185 19
   42      54    9045 57
   42      62    3400 38
   42      70      19 49
   42      72    7664 4
   42      82    5754 20
   42      95     275 12
   42     101     109 14
   42     119    2585 43
   42     125    7235 16
   42     126    9800 12
   42     131    6535 70
   42     137    5993 31
   42     138    9925 12
   42     141    8263 33
   42     142     295 15
   42     143      16 41
   42     145    4566 4
   42     148    9901 39
   42     149    1095 1
   43      50    1084 42
   43      52    6575 93
   43      57    8577 47
   43      64    2265 9
   43      65     355 11
   43      68    8925 62
   43      71    9172 74
   43      72     852 68
   43      75    4951 45
   43      79    2597 18
   43      87    5545 73
   43      90    6813 17
   43      95    4671 65
   43     100    9424 70
   43     101     179 3
   43     102    7275 3
   43     108    9269 57
   43     111    3189 45
   43     113    2188 93
   43     120    4815 1
   43     122    9502 55
   43     124    1197 85
   43     125     369 92
   43     127    3042 86
   43     129    8990 99
   43     130    9271 4
   43     131    6826 96
   43     132    2257 71
   43     137    2566 32
   43     141     785 6
   43     142    3989 63
   43     144     164 51
   43     145    8922 43
   43     147    5392 82
   43     150    5501 52
   44      47    1460 79
   44      48    1886 32
   44      54    4176 40
   44      55    9015 29
   44      62    2498 26
   44      63    1752 24
   44      65       1 62
   44      75    1840 37
   44      78    6582 94
   44      79    6680 37
   44      80    7072 67
   44      82    3099 69
   44      83    2854 10
   44      84    6625 69
   44      86    5548 28
   44      87    2967 63
   44      89    6718 41
   44      90    8156 71
   44      99    2867 34
   44     102    5350 28
   44     106    8305 34
   44     107    1601 70
   44     108    9352 63
   44     109    8181 82
   44     110    3408 85
   44     112    8083 65
   44     113     370 52
   44     120    9181 31
   44     122    7024 69
   44     123    7917 46
   44     127    5333 69
   44     132    9276 82
   44     133    8379 12
   44     135    8837 84
   44     140     385 82
   44     142    3505 60
   44     143    1064 42
   44     146    6105 14
   44     148    4569 34
   44     149    2851 92
   45      49    4081 41
   45      50    4768 55
   45      56    7689 100
   45      57    7772 66
   45      61     657 31
   45      64     695 10
   45      72     890 25
   45      74    1296 25
   45      77     731 51
   45      80    6966 78
   45      86    5175 86
   45      87     185 11
   45      89    7400 32
   45      92    1376 29
   45      94    1740 53
   45      96    9186 53
   45      99    5334 1
   45     104    9026 40
   45     105    7485 51
   45     108    3176 6
   45     110    4399 95
   45     119    5538 76
   45     120    3798 37
   45     121    8623 89
   45     131    4028 44
   45     132    8006 56
   45     148    6283 95
   45     149    7976 27
   45     150    9642 99
   46      50    6355 58
   46      53    8370 82
   46      54    3030 78
   46      56    3934 28
   46      60    8711 96
   46      64    5817 74
   46      72    2303 68
   46      77    6482 76
   46      78    6249 99
   46      81    8322 48
   46      87    1568 24
   46      89    9928 75
   46      90    5356 22
   46      91    2882 50
   46     101    5133 67
   46     102    4332 6
   46     103    4139 53
   46     108    1179 10
   46     109    8988 71
   46     111    8255 98
   46     114    9281 3
   46     116    7811 45
   46     117    8001 64
   46     121    5391 11
   46     124    2078 29
   46     125    6757 16
   46     126    3475 63
   46     133    2258 86
   46     135    2460 10
   46     142    7571 75
   46     143    3136 61
   46     147    9817 78
   47      48    8655 68
   47      49    4791 18
   47      54    4229 75
   47      55    8842 44
   47      56    4951 65
   47      61    5976 77
   47      67    5641 79
   47      69    5712 90
   47      72    5694 83
   47      78    6551 24
   47      79    3579 95
   47      82    9442 19
   47      86    8367 85
   47      88    7277 85
   47      91    7962 17
   47      92    7568 54
   47     106    8322 8
   47     108     376 27
   47     110     360 63
   47     112    6307 71
   47     123    8236 46
   47     136    4026 3
   47     144    6271 70
   47     145    5667 92
   47     149    2869 6
   48      49    1967 59
   48      50    5691 35
   48      56    1269 51
   48      57    5595 59
   48      58    1074 55
   48      59    4334 6
   48      64    5630 83
   48      66    1691 81
   48      67    4315 13
   48      71    6737 48
   48      72    8010 59
   48      80    4352 58
   48      83    6808 50
   48      88    9970 17
   48      91    7621 80
   48      92    5137 82
   48     105    2544 33
   48     107    5331 66
   48     110    7196 90
   48     113    2968 75
   48     114    4149 61
   48     121     289 33
   48     125    2208 64
   48     131    8774 96
   48     149    4658 68
   49      53    4960 96
   49      55    2566 87
   49      57    8662 22
   49      62    1198 69
   49      71    1002 55
   49      74    6379 91
   49      75    6355 62
   49      77    1044 11
   49      80    1307 29
   49      83    1539 70
   49      85    6645 35
   49      86    5036 12
   49      91    3508 40
   49      92    4943 48
   49      97    4891 42
   49     103     630 22
   49     104    5423 85
   49     110     151 25
   49     114    1870 89
   49     116    9248 8
   49     118     163 54
   49     122     586 96
   49     127     255 79
   49     137    1459 9
   49     138    9371 72
   49     139    6484 97
   49     143    6102 70
   49     148    2458 84
   49     149    7984 56
   50      53    9731 80
   50      55    3483 87
   50      56    5270 16
   50      59    2367 15
   50      60    9198 63
   50      61    4571 47
   50      64    5957 64
   50      66    7498 52
   50      73    4614 85
   50      76    5760 20
   50      78    7702 21
   50      80    3654 91
   50      83    8543 21
   50      90    4689 33
   50      93    3796 29
   50     104    6844 51
   50     111    3596 62
   50     112    8609 37
   50     119    1025 62
   50     121    3646 68
   50     129    7387 47
   50     138     372 39
   50     139    8773 10
   50     142    3245 87
   50     149    9968 27
   50     150    5292 53
   51      53    5010 58
   51      64    1653 5
   51      65    4466 81
   51      66    6321 64
   51      71    6295 44
   51      74    6446 20
   51      78     115 84
   51      97    6688 47
   51      98    1523 15
   51     102    5866 92
   51     106     248 50
   51     107      77 38
   51     109    6956 45
   51     111    3682 97
   51     112     802 57
   51     116    9675 66
   51     117    7949 15
   51     118     189 86
   51     120    4363 55
   51     122    7902 35
   51     123    6440 54
   51     141    1174 47
   51     142     717 5
   51     143    1169 52
   51     144    7085 85
   51     145     925 52
   51     150    9316 18
   52      53    5507 56
   52      56    6906 85
   52      60    2420 85
   52      63    7916 31
   52      68     838 68
   52      69    3684 27
   52      70    6956 77
   52      74    3155 1
   52      76    1553 88
   52      84      90 35
   52      88    8304 57
   52      89    5260 74
   52      91    2418 46
   52      94    9779 47
   52      95     476 18
   52      96    9652 39
   52      98    2593 14
   52      99    5943 69
   52     101    7797 84
   52     105    2730 76
   52     109    8136 87
   52     111    6340 85
   52     115    6458 93
   52     118    2463 30
   52     119    5675 55
   52     120    5153 68
   52     121    9047 32
   52     126    2792 39
   52     128    9220 3
   52     131     187 37
   52     138    8690 22
   52     140    4298 90
   52     149    2241 58
   52     150    8072 90
   53      54    8244 8
   53      57    6726 81
   53      59    9536 30
   53      63    1044 91
   53      66     275 52
   53      67    4048 16
   53      69    6660 57
   53      72    5665 17
   53      79    7078 35
   53      82    2638 62
   53      86    6027 87
   53      91    8821 30
   53      94    9336 65
   53     101     328 40
   53     104    9118 12
   53     105    6447 46
   53     107    1397 92
   53     110    5526 11
   53     113    6102 36
   53     115    6489 21
   53     117    3563 74
   53     119    6696 1
   53     121    2707 36
   53     124   10000 75
   53     126    3178 39
   53     130    7977 8
   53     132     850 27
   53     134    4754 52
   53     139    3354 61
   53     142    6722 96
   54      55    6856 87
   54      58    8712 50
   54      61    6167 53
   54      70    5539 88
   54      73    7584 16
   54      74    2473 49
   54      80    3221 29
   54      84    2217 72
   54      87    3311 70
   54      92    9759 55
   54      96    2343 68
   54      97    1352 88
   54      98    9199 36
   54     112    3081 11
   54     120    8884 44
   54     126    7714 48
   54     130    3585 28
   54     131    1319 55
   54     138    7209 18
   54     145    2365 65
   54     149     346 40
   55      60    6813 72
   55      63    5653 86
   55      64    1040 62
   55      65    3062 47
   55      73    1054 9
   55      77    9406 81
   55      84    1280 89
   55      86    8630 98
   55      87    1933 98
   55      88    4271 62
   55      90    7026 36
   55      92    6366 13
   55     100    7458 100
   55     105    7942 16
   55     108    3596 94
   55     111    5904 10
   55     112    3511 39
   55     113    9897 84
   55     117    2015 56
   55     118    4184 16
   55     122     192 97
   55     123    8105 73
   55     124     301 24
   55     129    1474 64
   55     130     150 24
   55     139    8387 47
   55     143     125 39
   55     144    7094 22
   55     148    6007 96
   55     149    7752 71
   56      58    3696 23
   56      62     149 100
   56      64    4328 92
   56      65    6143 3
   56      66    8680 91
   56      68    2655 11
   56      70    7974 82
   56      71    8642 21
   56      79    7069 72
   56      87     356 82
   56      93    2120 14
   56      95    1637 54
   56     101     115 7
   56     105    8798 21
   56     107    1357 5
   56     109    5379 34
   56     115     809 61
   56     124    3436 30
   56     131    2612 47
   56     135    5345 18
   56     138    6190 69
   56     139    1951 78
   56     144     974 9
   56     149    3347 81
   56     150    6224 2
   57      59    4103 94
   57      68    9008 26
   57      69    2711 82
   57      71    4019 19
   57      83    4767 70
   57      87    8944 76
   57      91    8163 30
   57      98    8503 85
   57      99    1070 13
   57     100    9264 8
   57     102    9660 77
   57     103    8481 70
   57     106    6554 56
   57     108    1840 26
   57     109    7880 32
   57     110    8169 86
   57     112    5164 34
   57     113    6378 54
   57     115    9824 54
   57     117    2584 21
   57     119    2715 58
   57     120    2971 28
   57     124    7553 59
   57     126    4073 74
   57     127    3057 90
   57     130    1324 27
   57     133    2717 90
   57     134    3590 32
   57     138     973 57
   57     145    1703 37
   57     149    2176 19
   58      60    8998 20
   58      62     501 35
   58      63    4325 74
   58      65    5823 74
   58      69    4562 8
   58      72    5913 1
   58      81     930 50
   58      87    5054 7
   58      89    1310 75
   58      94    9864 38
   58     102    2698 97
   58     109    2042 68
   58     110    4073 55
   58     111    8064 43
   58     112     823 56
   58     113     649 25
   58     129    1165 44
   58     131    2249 59
   58     132    9165 34
   58     135    8766 29
   58     137    6914 19
   58     139    1818 36
   58     141    9021 95
   58     145    9864 98
   58     149    8051 50
   59      61    1028 15
   59      70    9026 13
   59      71    1590 65
   59      74    6832 1
   59      76    5231 20
   59      78    1097 11
   59      79    5262 57
   59      80    5649 6
   59      88    6224 44
   59      94    7492 87
   59      95    2299 43
   59      96     176 33
   59     100    7511 37
   59     103    7517 63
   59     104    1386 32
   59     106    5459 70
   59     113    6109 21
   59     114    3596 7
   59     115    8488 93
   59     119    2793 48
   59     123    3658 87
   59     124    8675 26
   59     126    5515 21
   59     128    5694 28
   59     132    7296 72
   59     135    1069 33
   59     145    2390 90
   59     146    1822 40
   60      61    9383 12
   60      63    1471 38
   60      65    2135 3
   60      68    6271 31
   60      73    2701 29
   60      77    5662 53
   60      80    1374 43
   60      83    5204 94
   60      85    6046 44
   60      86    1546 12
   60      87    9631 39
   60      88    8454 97
   60      89    7060 34
   60      91    1106 14
   60      92    6124 38
   60      93    5671 7
   60      94    2355 38
   60      98    7465 50
   60     102    4139 24
   60     104    3266 53
   60     105     976 74
   60     106    1721 27
   60     107     273 36
   60     110    6900 1
   60     112    4743 23
   60     113    3908 77
   60     114    8658 80
   60     115    2958 35
   60     122    3195 18
   60     146    2069 1
   60     149    3272 52
   61      62     851 90
   61      66    3666 54
   61      69    1457 8
   61      70    3583 88
   61      71      11 14
   61      76     476 51
   61      77    4372 29
   61      82    5069 20
   61      83    8343 11
   61      93    2337 57
   61     102    2493 2
   61     109     882 82
   61     111    4251 71
   61     112    5492 83
   61     114    4571 23
   61     117    9396 91
   61     122    8105 4
   61     123    2722 91
   61     130    2623 26
   61     131    5881 82
   61     132    6357 36
   61     133     273 2
   61     134    1211 79
   61     136    7108 58
   61     138    9007 57
   61     141    3978 24
   61     144    5466 28
   61     146    4788 15
   61     147    6447 23
   62      64    3159 38
   62      69    5365 74
   62      71    8553 77
   62      72    2859 11
   62      73    8491 64
   62      74    8450 89
   62      76    8725 46
   62      78    6249 67
   62      79    4093 80
   62      80     273 56
   62      84    1067 82
   62      85     737 34
   62      86    2802 65
   62      89     123 70
   62      93    1615 44
   62      98    6808 29
   62     103     514 74
   62     110    6321 44
   62     115    2232 39
   62     121    2863 76
   62     133    2215 98
   62     136    9638 74
   62     140    7257 67
   62     141    6526 48
   62     142      56 28
   62     148    4592 86
   63      64    6023 51
   63      66    9467 7
   63      68    9628 27
   63      71    8959 7
   63      75    3868 78
   63      77    2374 62
   63      83    7003 18
   63      84    9745 9
   63      88    2973 43
   63      93    4777 10
   63      94    8231 75
   63     102    5144 51
   63     109    9469 35
   63     110     584 61
   63     118    3007 26
   63     120    2404 36
   63     126    4158 22
   63     131    8847 88
   63     134    4646 48
   63     139    7048 57
   63     142    4831 66
   63     144    6818 100
   63     145      36 59
   63     147    9352 59
   63     150    4268 81
   64      67    5613 100
   64      68    5459 17
   64      69    8446 67
   64      70    5531 76
   64      72    2641 41
   64      77    7176 49
   64      78    9719 16
   64      79    8090 52
   64      81     372 77
   64      83    8580 11
   64      84     871 99
   64      87    3273 10
   64      92    5356 70
   64      95    6083 79
   64     100    7093 18
   64     101    1738 26
   64     106    1973 85
   64     108    4389 69
   64     109    3724 94
   64     110    8306 51
   64     115    8284 16
   64     117    6438 72
   64     118    4221 46
   64     131    9188 73
   64     135    3370 89
   64     140    6616 44
   64     144    6144 86
   64     145     380 34
   64     149    6032 4
   64     150    5598 14
   65      67    3481 82
   65      73     580 99
   65      74    7952 69
   65      75    9641 66
   65      79    8428 74
   65      86    6835 35
   65      89    6991 29
   65      95    9328 53
   65      96    7028 32
   65      97    2141 2
   65      99    6689 53
   65     101    8641 44
   65     102    3834 14
   65     104    2028 27
   65     106     834 60
   65     107    8811 83
   65     112    2902 5
   65     119    1407 72
   65     123    8615 52
   65     124    9180 93
   65     127    9294 95
   65     128    3917 74
   65     129    4504 17
   65     130    7096 17
   65     133    8515 24
   65     138    5844 31
   65     140     165 74
   65     146     664 72
   66      69    7736 42
   66      71    3182 64
   66      73    3684 73
   66      75    1435 58
   66      76    8621 62
   66      79    9993 60
   66      80    8498 94
   66      88    9214 9
   66      92    9647 96
   66      98    1016 40
   66      99    2186 74
   66     103    4527 69
   66     104    5510 5
   66     105    2592 72
   66     106    4155 89
   66     108    2815 47
   66     110    9989 94
   66     113    5272 83
   66     116    8275 6
   66     119    2678 71
   66     124    1815 19
   66     129     575 43
   66     130    4183 36
   66     131     223 57
   66     135    9685 71
   66     139     244 24
   66     144    8669 27
   66     145     517 60
   66     146    4602 16
   66     148    3884 62
   66     149    5388 65
   67      72    4068 88
   67      77     174 98
   67      79    8286 13
   67      82    7394 82
   67      86    5153 17
   67      93     937 8
   67      95    6542 10
   67     100    9737 40
   67     101    3599 8
   67     102    7020 16
   67     108     745 11
   67     110     199 24
   67     112    6833 57
   67     115    9674 14
   67     117    1842 13
   67     121    8620 4
   67     122    4395 38
   67     128    2901 1
   67     132    9365 23
   67     135    5325 89
   67     147    1656 65
   67     150    8400 8
   68      72    2349 85
   68      74    1194 78
   68      78    6095 56
   68      81    9589 17
   68      82    6517 47
   68      83    7622 74
   68      84    8320 100
   68      85    1650 33
   68      92    2249 97
   68      98    5873 29
   68     103    7651 22
   68     108     637 57
   68     109    5494 20
   68     119    2882 72
   68     122    6110 77
   68     126    1272 84
   68     128    8117 64
   68     130    1942 2
   68     131    3759 47
   68     144    2908 58
   69      72    2777 88
   69      77    4401 2
   69      81    9925 73
   69      82     552 24
   69      85    5757 79
   69      91    1382 23
   69      94    6934 82
   69      95    9291 43
   69      97    9365 2
   69     101    8123 38
   69     105    1842 68
   69     113    8329 68
   69     115     352 18
   69     121    7347 50
   69     123     937 72
   69     124    1479 97
   69     130    8581 53
   69     135    3875 70
   69     138    1232 28
   69     141    5929 82
   69     142    2649 36
   69     146     586 25
   69     147     526 98
   69     148     667 23
   70      71     300 76
   70      72    5906 21
   70      78    6601 72
   70      79    6970 65
   70      81    6929 10
   70      82     627 2
   70      83     459 43
   70      90    1141 74
   70      91     243 69
   70      94    2004 95
   70      95    5542 83
   70     105    8827 6
   70     107    9529 4
   70     111    1837 84
   70     113    2133 80
   70     116    5658 36
   70     118     414 20
   70     120    8586 53
   70     122    2924 84
   70     124     617 73
   70     125    8510 6
   70     135    1422 65
   70     141    7457 1
   70     144    7769 44
   70     148    3234 53
   71      72    3280 68
   71      75    1795 91
   71      77    9789 70
   71      83    6198 97
   71      85    3294 49
   71      86    4307 77
   71      87    9104 55
   71      88    8412 69
   71      89    1839 73
   71      95    5361 77
   71      96    5558 82
   71     112    8681 91
   71     118    1644 13
   71     121    8824 71
   71     124    2926 76
   71     125    4105 7
   71     130    3017 34
   71     142    9346 29
   71     143    6290 24
   71     145    7321 51
   71     146    9284 60
   71     147     711 35
   71     149    5016 68
   71     150    9459 88
   72      74    9595 97
   72      75    1903 80
   72      79    4042 7
   72      80     235 4
   72      81    2036 48
   72      85    1617 72
   72      87    4011 82
   72      93    4473 88
   72      98    9830 69
   72     100    6812 7
   72     106    2406 47
   72     108     774 61
   72     110    2233 70
   72     114     853 80
   72     119    3619 42
   72     120    2344 13
   72     122    1287 21
   72     123    1654 32
   72     125    2080 70
   72     126    8174 31
   72     128    6349 66
   72     132    4029 99
   72     133     516 82
   72     136    8156 2
   72     142    5753 56
   72     146    5015 83
   72     148    7778 68
   72     150    5085 13
   73      76    6896 39
   73      79     283 18
   73      85     561 7
   73      93    8573 90
   73      94    6540 97
   73     100     137 74
   73     104    1752 38
   73     108    6057 40
   73     115    7609 57
   73     119    1774 55
   73     120    9812 55
   73     125    1919 31
   73     127     163 89
   73     131    7651 19
   73     134    9156 94
   73     137    4854 28
   73     138    9112 95
   73     144    7930 1
   73     150    1176 36
   74      79    2674 21
   74      81    5180 21
   74      83    9490 65
   74      95    4179 15
   74     101    9873 19
   74     104    5692 65
   74     106    7017 8
   74     109    5814 59
   74     111    7781 76
   74     120    4285 37
   74     122      60 95
   74     123    8270 81
   74     128    1702 48
   74     130      18 100
   74     137    5971 45
   74     138    9267 49
   74     140    2133 54
   75      76    5685 69
   75      77    7324 78
   75      82    2828 71
   75      91     531 75
   75      94    1792 85
   75     100    2378 31
   75     102    6738 67
   75     103    4469 72
   75     114    4131 53
   75     115    4165 70
   75     116    7955 29
   75     119    8624 54
   75     121    7556 85
   75     122    2440 28
   75     125     331 21
   75     128    4822 63
   75     132    9737 37
   75     137    9851 67
   75     148    5724 94
   76      77    7796 78
   76      91    1630 60
   76      93    6642 33
   76      96    4010 11
   76      99     598 17
   76     100    2982 42
   76     102    9796 18
   76     103    2549 89
   76     109    5690 35
   76     112    4009 25
   76     116     585 70
   76     124    8717 79
   76     126    7973 65
   76     128    8558 34
   76     129    8935 31
   76     130    1174 67
   76     131    1300 79
   76     136    8837 57
   76     139    6695 43
   76     140    2988 53
   76     145     817 78
   76     147    2834 55
   77      79     865 55
   77      80    3541 39
   77      84    7769 91
   77      85    9247 23
   77      86    7365 94
   77      89    8048 45
   77      91    3711 60
   77      92     999 19
   77      93    1380 40
   77      95    6030 91
   77     101    3994 25
   77     111    2817 81
   77     112    7365 88
   77     113    8379 96
   77     121    6927 32
   77     123    2777 14
   77     126    9717 26
   77     129    4897 54
   77     135    6238 79
   77     137    5593 75
   77     138    2061 17
   77     139     428 30
   77     140    5169 48
   77     144      71 51
   77     148     747 9
   78      79    8528 64
   78      84    3320 42
   78      85      10 84
   78      88    6557 87
   78      90    7999 57
   78      95    2269 60
   78     107     900 61
   78     108    5914 68
   78     112    2406 44
   78     113    9633 90
   78     120    3488 22
   78     128    1388 83
   78     130    7694 38
   78     131    4174 18
   78     137    1861 59
   78     138    9784 81
   78     140    1017 82
   78     142    3376 68
   78     146    8892 45
   78     150    4005 40
   79      81    6954 51
   79      82    3333 5
   79      84    9363 49
   79      85     786 1
   79      86    2814 29
   79      88     534 92
   79      90     931 40
   79      91    7171 99
   79      92    2055 63
   79      93    5647 74
   79      94     543 90
   79      95    3809 80
   79      96    2450 81
   79      98    7090 50
   79     102    8894 31
   79     109    3910 27
   79     114    2988 65
   79     118    2433 80
   79     120    6439 91
   79     121     770 90
   79     122    9204 86
   79     127     269 68
   79     128    6647 22
   79     129    6743 47
   79     132    1769 59
   79     135    3680 99
   79     136    2446 82
   79     138    5732 8
   79     146    1604 56
   79     150    1255 80
   80      81     748 62
   80      84    9331 30
   80      85    4227 77
   80      87    3065 81
   80      92    5083 27
   80      93    4634 73
   80      96    2065 47
   80     101     830 27
   80     102    2387 10
   80     106    8503 51
   80     107    7290 3
   80     108    5683 18
   80     109    4595 92
   80     114    2283 97
   80     115     791 46
   80     122     794 78
   80     125    9392 61
   80     132     402 28
   80     136    9309 48
   80     139    9270 11
   80     140    6853 91
   80     145    1345 98
   80     147    5513 71
   80     149    2239 92
   81      84    2043 71
   81      86    2137 66
   81      93     701 72
   81      94    8760 60
   81      95    4203 7
   81      96    9024 2
   81      99    4602 23
   81     100    7309 14
   81     101    2875 34
   81     104      86 1
   81     105    3282 11
   81     106    6687 48
   81     107    1475 76
   81     109    1641 13
   81     110    1096 95
   81     111     774 97
   81     116    1159 28
   81     117    8775 38
   81     129    7350 98
   81     130    8522 26
   81     134    3365 20
   81     143     524 12
   82      84    2978 68
   82      86    6690 39
   82      96     221 96
   82     109    4762 26
   82     110    7944 52
   82     116    7702 87
   82     117    1770 74
   82     118    1047 59
   82     124    8244 12
   82     125    6727 23
   82     127    3154 5
   82     133      53 18
   82     138    1196 32
   83      87    1938 7
   83      89    3984 96
   83      92    5136 69
   83      96    9166 44
   83     102    6533 10
   83     106    6686 50
   83     109    7623 92
   83     110    1811 81
   83     113    4859 61
   83     114    9883 33
   83     116    8956 53
   83     121     902 35
   83     125    2177 4
   83     138    4543 93
   83     144    7681 7
   83     149    4847 37
   84      86    8406 48
   84      91    7402 92
   84     100    2341 79
   84     108    7952 70
   84     115    7878 28
   84     118    6580 50
   84     121     443 31
   84     128    2671 60
   84     131    4082 30
   84     134    1492 68
   84     136    2379 92
   84     143    9315 67
   84     145    5830 6
   84     148    8988 84
   84     149    2335 56
   85      86    3502 100
   85      90    7889 1
   85     101     199 43
   85     104    5298 9
   85     108     871 10
   85     114     894 37
   85     116    9797 54
   85     120    2261 40
   85     122       2 58
   85     129    7459 74
   85     132     435 16
   85     135    4649 16
   85     142    5304 66
   85     146    6795 11
   85     149    2155 85
   86      89     665 88
   86     103    4755 52
   86     111     178 46
   86     113    1759 80
   86     116    3002 94
   86     118    8833 74
   86     120     940 49
   86     126    2630 67
   86     127    6837 17
   86     133    1735 73
   86     135    4071 16
   86     136    6483 96
   86     146    7338 86
   86     148    7584 58
   86     149     247 11
   87      88    4069 42
   87      90    7632 89
   87      93    4431 58
   87      94     360 50
   87      97     675 21
   87      98    5793 76
   87     103    8979 67
   87     107    5752 3
   87     109    7155 56
   87     112    8216 42
   87     115    1734 36
   87     121    7329 78
   87     123    6497 68
   87     131    2032 38
   87     133    5798 97
   87     138    6005 40
   87     149    3974 58
   87     150    9043 51
   88      94    3227 9
   88      95      88 45
   88      97    2122 68
   88      98    1571 81
   88      99     867 17
   88     110    5193 99
   88     113    5084 40
   88     118    2222 31
   88     122    6894 21
   88     123    3961 17
   88     124     912 50
   88     132    4733 53
   88     134    7098 75
   88     136    6200 40
   88     138    6840 71
   88     140    5077 4
   88     141    8330 5
   88     143    1137 33
   88     148    2948 25
   88     150    9109 97
   89      92    8349 100
   89      95   10000 97
   89      97    6644 39
   89      98    7280 57
   89      99    5158 83
   89     101    5914 5
   89     103    3253 53
   89     106    2993 29
   89     107    3906 31
   89     108    1135 47
   89     111    4020 97
   89     114    4680 40
   89     122    2357 63
   89     123    6465 100
   89     127    1146 62
   89     128    8895 92
   89     134    1165 70
   89     138    6390 16
   89     142    7219 58
   89     145    6148 8
   89     146     831 59
   89     147    6812 2
   89     148    8442 4
   89     149    4272 56
   90      94    4231 74
   90      95    3465 37
   90     101    9144 14
   90     102    6011 23
   90     103    3646 21
   90     105    5345 62
   90     109    8206 1
   90     110    3024 59
   90     120    7759 88
   90     121    6640 87
   90     122    6910 81
   90     125     895 81
   90     128    2668 83
   90     136      95 16
   90     139    2773 1
   90     141    2624 10
   90     142     255 31
   90     147    4455 79
   90     149    3466 80
   90     150    2662 58
   91      92    5043 83
   91      96    4743 4
   91     105    7582 6
   91     108    4124 40
   91     109    2413 83
   91     118    2984 6
   91     120    2334 19
   91     123    7139 24
   91     124    5560 31
   91     134    4668 36
   91     135    1924 96
   91     137    6052 47
   91     138    7410 65
   91     141    7038 22
   91     146    5223 37
   91     147    7074 49
   91     148    8744 61
   91     149    6759 28
   91     150    1341 4
   92      96    9548 56
   92      98    2171 83
   92     103     500 75
   92     105     295 60
   92     107    1626 75
   92     108    4223 38
   92     112    8882 58
   92     113    6430 57
   92     115    3409 61
   92     122    1056 36
   92     129    3414 78
   92     130    6178 8
   92     131    9114 27
   92     134    5723 90
   92     138    4638 64
   92     142    7782 29
   92     143    7408 40
   92     145     853 89
   92     146    9897 46
   92     147     297 15
   92     148    7903 94
   93      95    8493 26
   93     100    8731 21
   93     101    8524 23
   93     109    9926 97
   93     113    8810 41
   93     118    6573 34
   93     119    8203 37
   93     124    1243 92
   93     125     308 20
   93     126    4262 76
   93     128    3822 95
   93     130    2686 86
   93     131    9039 92
   93     137    4861 10
   93     138     179 21
   93     139    8734 19
   93     147    3902 71
   94      96     636 53
   94      97    9817 37
   94     100     379 96
   94     101    1634 49
   94     105    7339 20
   94     106    9636 24
   94     110     372 76
   94     112    7087 46
   94     115    5612 72
   94     125     660 92
   94     127    2000 99
   94     131    8370 81
   94     137    4052 78
   94     139    9744 74
   94     144    7723 67
   94     146    9006 2
   94     147    5875 7
   94     150    6449 54
   95     102    8664 67
   95     103    3720 24
   95     104    6146 50
   95     111    6564 69
   95     112    4655 60
   95     113    2619 98
   95     117    2892 3
   95     118    1911 32
   95     119    3043 27
   95     129    1265 65
   95     130    9075 81
   95     131    5466 85
   95     132    6605 8
   95     134     168 13
   95     135    2322 68
   95     139    4596 85
   95     142    2931 32
   95     147    1702 85
   96      97     573 25
   96     104    5916 69
   96     107     904 47
   96     113    4271 75
   96     121    7317 77
   96     123    2693 95
   96     125     521 84
   96     128    6081 70
   96     129    8380 99
   96     136    7897 94
   96     137    6769 85
   96     138    6637 62
   96     139    7338 8
   96     141    3054 73
   96     143    2718 17
   96     144    2593 56
   96     146    4646 77
   97     102    6044 46
   97     107    6459 48
   97     111    9659 94
   97     112    2919 31
   97     113     409 21
   97     118    2457 87
   97     119    2085 4
   97     121    6654 26
   97     126    3661 50
   97     131    8382 67
   97     134    4830 31
   97     136    3055 57
   97     137    2380 85
   97     138    8953 82
   97     143     328 40
   97     145    2117 43
   97     147    8111 29
   98      99    6209 52
   98     101    2277 90
   98     103     152 21
   98     109    5237 93
   98     111     613 52
   98     125    4184 64
   98     130     118 85
   98     134    4385 62
   98     135      15 37
   98     136     822 95
   98     137    1327 11
   98     140    8070 97
   98     141    5772 75
   98     144    7731 78
   98     149    5596 75
   99     101    3675 9
   99     103     471 10
   99     106     154 20
   99     111    3468 34
   99     112    7139 23
   99     114    2142 83
   99     121    6977 50
   99     129    3256 64
   99     134    6695 99
   99     140    8623 10
   99     142    2768 33
   99     144    6466 16
   99     146      24 50
   99     147    2560 11
  100     101    3399 23
  100     103    2974 87
  100     104    7671 81
  100     105    1909 99
  100     116    7214 26
  100     117     104 26
  100     119    2945 39
  100     120     808 10
  100     124    6091 2
  100     126    7209 83
  100     127    5387 64
  100     130    1996 13
  100     132    3958 98
  100     134    7056 94
  100     139    4674 62
  100     144    5312 91
  100     147    7507 77
  100     148    2666 91
  101     103    9964 1
  101     108    1185 92
  101     109    1563 1
  101     111    7166 78
  101     121    7657 74
  101     124    1879 39
  101     125    1139 66
  101     126    7989 71
  101     127    5819 94
  101     129    1819 28
  101     131    2611 86
  101     133    5235 77
  101     137    1908 51
  101     138    9696 86
  101     139    1138 20
  101     143    4432 66
  101     150    9972 92
  102     106    1690 92
  102     109    1010 90
  102     113    1047 61
  102     118    2643 61
  102     123    1028 47
  102     127    1326 61
  102     131    1708 32
  102     135    1075 56
  102     141    2944 2
  102     142    4522 16
  102     143    6034 88
  102     147    1161 93
  102     149    2370 26
  103     106    2112 17
  103     108    7301 1
  103     119    8950 51
  103     120       6 36
  103     125    5914 96
  103     127    9835 68
  103     128    6951 50
  103     130    4826 89
  103     131    1252 75
  103     132    5090 5
  103     137    2131 50
  103     139    2200 93
  104     105    8931 26
  104     106    9465 29
  104     107    2713 85
  104     109    1388 69
  104     110    3268 21
  104     111    6047 67
  104     113    9677 75
  104     120    8452 24
  104     122    7511 62
  104     127    8656 42
  104     134    9535 32
  104     135    2557 17
  104     136     852 41
  104     138    5063 13
  104     139    5264 48
  104     140    7754 13
  104     141    6856 72
  104     143    9756 8
  104     146    8706 18
  104     147    3851 52
  104     150    4583 68
  105     109    6682 7
  105     115    2466 86
  105     116      87 19
  105     123    8979 68
  105     126    9208 85
  105     129    9210 7
  105     130    3119 22
  105     133    2931 49
  105     134    1060 35
  105     135    7789 2
  105     139    7519 79
  105     141    2204 42
  105     143     453 58
  105     145    9987 24
  106     107    5541 10
  106     113    6356 47
  106     117    1384 95
  106     118    1159 1
  106     122    7803 75
  106     128     785 55
  106     131    2668 32
  106     134    1641 70
  106     138    7247 51
  106     139    8140 32
  106     140    1513 80
  106     145     709 30
  106     147    4203 55
  106     148    3308 98
  106     150    2140 94
  107     108    5175 85
  107     118    1190 54
  107     120     632 14
  107     132    8598 32
  107     133    5942 10
  107     139    2394 21
  107     144     361 74
  107     148     864 66
  108     109    5072 21
  108     110    1195 83
  108     115    8688 33
  108     116    2541 64
  108     119    2449 81
  108     127    5177 72
  108     135    2790 21
  108     136    7902 68
  108     145    2259 55
  108     146    6065 2
  108     148    3698 54
  109     112    5846 26
  109     113    6011 82
  109     115    1436 48
  109     116    9580 39
  109     124    3446 99
  109     131    9023 54
  109     136    3834 96
  109     137    8023 78
  109     139    7867 100
  109     140    4570 15
  109     141    9138 26
  109     142     187 73
  109     146    3224 29
  109     149    6775 85
  110     114    7022 19
  110     120    6857 83
  110     125    9892 82
  110     126     712 54
  110     132     944 29
  110     141    9629 2
  110     142    5253 87
  110     146     221 53
  111     112    9161 44
  111     115    5386 33
  111     116     651 86
  111     117    1719 83
  111     120    2746 12
  111     121    1325 68
  111     123    7961 92
  111     124    8276 52
  111     125    7475 63
  111     126    4184 50
  111     131    1264 78
  111     132    5371 32
  111     137     489 24
  111     140    6108 61
  111     143    8602 98
  111     144     309 81
  111     145    7278 7
  111     147    8089 11
  112     115    9665 50
  112     117    2171 79
  112     118    5036 68
  112     122    8838 55
  112     124    9054 64
  112     130    3583 7
  112     136      25 63
  112     137    6388 98
  112     141    6893 82
  112     143    1851 72
  112     144     479 71
  112     148    7147 36
  113     122    5329 65
  113     125    1644 18
  113     127    1644 27
  113     133    9073 21
  113     136    2937 86
  113     143    6293 14
  113     145    4891 9
  113     146    2908 20
  113     149    2426 69
  114     123    4876 68
  114     124    5187 2
  114     127    7256 43
  114     135    3845 55
  114     147    7886 65
  114     150     840 29
  115     122    7564 22
  115     126    3375 64
  115     132    1464 26
  115     134     157 57
  115     137    5256 71
  115     142     816 81
  115     143    7004 42
  115     144    3509 32
  115     148    8923 57
  115     150    5785 41
  116     119    9493 18
  116     122    1272 49
  116     123    2612 79
  116     124    7159 73
  116     126    9887 25
  116     129     462 20
  116     132    6105 66
  116     134    5850 32
  116     136    4229 42
  116     138    5639 7
  116     142    4906 54
  116     145    2130 66
  116     149    2417 87
  116     150    7080 4
  117     124    8769 39
  117     125    4295 80
  117     126     893 60
  117     130    3479 54
  117     132    4598 63
  117     136     476 99
  117     143    4862 52
  117     144    9018 24
  117     145    9265 59
  117     148    7120 23
  117     150    9285 94
  118     121    9337 87
  118     126    1430 33
  118     130    3948 62
  118     131    8772 66
  118     133    4727 13
  118     142     967 63
  118     146    2048 8
  118     149    2370 6
  119     123    1941 12
  119     124    3039 51
  119     126    2028 84
  119     136     502 57
  119     138    9824 44
  119     141    1591 25
  119     142    7587 72
  119     145    1691 38
  119     147    9916 25
  119     149    3112 87
  120     125    7999 95
  120     132    2431 66
  120     135    1304 13
  120     138    8831 25
  120     139    5143 17
  120     141    8178 86
  120     147    8563 55
  120     149    5122 48
  121     128     908 86
  121     136     608 12
  121     139    3044 25
  121     142    7930 15
  121     144    4106 60
  121     145    5294 30
  122     124    4911 29
  122     128    8001 15
  122     131    3236 62
  122     133    7337 33
  122     139    1592 27
  122     142    5987 14
  122     145    9039 18
  122     148     202 60
  122     149    1637 38
  123     126     671 51
  123     127     618 98
  123     128    2605 22
  123     129    6341 87
  123     130     656 79
  123     132    7813 86
  123     134    2764 4
  123     135    6483 30
  123     146    4881 8
  124     125    7102 89
  124     130    2537 26
  124     135    2376 34
  124     136    2101 34
  124     138     893 44
  124     142    4309 62
  124     145    6039 13
  124     147    1011 79
  124     149      33 62
  125     130     447 36
  125     132    1775 63
  125     135    1528 73
  125     143    4205 47
  125     145     692 11
  125     146    3862 87
  125     150    4334 26
  126     128    4407 20
  126     132    9344 26
  126     134    3624 21
  126     140    8153 85
  126     141    3066 43
  126     146    4718 88
  126     150    5679 17
  127     131     664 58
  127     135    4605 9
  127     140    9301 85
  127     142    9500 71
  127     144    5748 26
  127     150      74 26
  128     129    3836 43
  128     130     109 45
  128     134     274 6
  128     141    9569 87
  128     144    7319 61
  129     130    2567 53
  129     131    1604 71
  129     134    3321 30
  129     139    6976 13
  129     141     970 89
  129     142    9982 41
  129     148    4334 41
  130     133    1104 14
  130     135    8900 53
  130     136     577 84
  130     139    2431 86
  130     145     904 1
  130     147    6355 64
  130     148    1974 67
  131     133    4946 65
  131     139     280 4
  131     141    9468 35
  131     143    1136 2
  131     148    1682 34
  132     134    4056 88
  132     135    1305 52
  132     136    6333 66
  132     140    8003 23
  132     142    7065 97
  133     135    7576 18
  133     138    6615 37
  133     139    2623 19
  133     140    5116 98
  133     143    5724 98
  133     146    3711 36
  133     147    8453 7
  133     148    4652 50
  133     149    4483 10
  133     150    5868 31
  134     135    9177 74
  134     137    1420 79
  134     140     273 6
  134     141    1362 48
  134     145    8492 60
  134     146    1982 98
  134     148    4528 17
  134     149    9217 83
  134     150    9538 99
  135     136    9779 44
  135     137    2679 12
  135     140    9373 64
  135     143    9634 49
  135     145    7122 26
  135     147    1819 5
  135     148    5473 64
  136     142    1126 45
  136     145    1929 94
  136     146    1171 15
  136     148    6323 36
  136     149    6013 31
  137     139    5771 13
  137     143    4330 38
  138     139    4929 99
  138     140    4706 62
  138     141    1227 55
  138     144    2771 49
  139     141    2059 76
  139     142    9578 43
  139     144    2721 88
  139     146    7092 69
  139     149     943 50
  139     150    9003 38
  140     141    7667 3
  140     142    2554 19
  140     143    7164 46
  140     146    1821 71
  140     148    7563 33
  141     143    2678 93
  142     147     872 12
  143     144    7387 42
  144     145    2017 48
  145     147    9302 28
  145     149    4050 77
  146     150    2389 63
  149     150    7140 35
